--unites=10
--nbHeures=24

#Unites 
@1, 512.795, 150, 1000, 16.19, 0.00048, 8, 8, 4500, 9000, 14, 8
@2, 497.239, 150, 970, 17.26, 0.00031, 8, 8, 5000, 10000, 14, 8
@3, 154.961, 20, 700, 16.6, 0.002, 5, 5, 550, 1100, 10, -5
@4, 148.682, 20, 680, 16.5, 0.00211, 5, 5, 560, 1120, 10, -5
@5, 173.47, 25, 450, 19.7, 0.00398, 6, 6, 900, 1800, 11, -6
@6, 66.4182, 20, 370, 22.26, 0.00712, 3, 3, 170, 340, 6, -3
@7, 86.1586, 25, 480, 27.74, 0.00079, 3, 3, 260, 520, 6, -3
@8, 59.1678, 10, 660, 25.92, 0.00413, 1, 1, 30, 60, 2, -1
@9, 46.8803, 10, 665, 27.27, 0.00222, 1, 1, 30, 60, 2, -1
@10, 57.0588, 10, 670, 27.79, 0.00173, 1, 1, 30, 60, 2, -1

#Load
 %l 624.406, 611.381, 900.819, 893.655, 977.469, 1079.52, 1124.53, 1156.81, 1085.56, 1353.91, 1623.72, 1383.98, 1596.63, 1268.6, 1312.29, 937.389, 1032.95, 1027.66, 1381.7, 1392.68, 1191.74, 972.577, 824.61, 666.05

#Reserve
%r70, 75, 85, 95, 100, 110, 115, 120, 130, 140, 145, 150, 140, 130, 120, 105, 100, 110, 120, 140, 130, 110, 90, 80
