--unites=10
--nbHeures=24

#Unites 
@1, 410.519, 150, 1000, 16.19, 0.00048, 8, 8, 4500, 9000, 14, 8
@2, 519.712, 150, 970, 17.26, 0.00031, 8, 8, 5000, 10000, 14, 8
@3, 140.642, 20, 700, 16.6, 0.002, 5, 5, 550, 1100, 10, -5
@4, 109.526, 20, 680, 16.5, 0.00211, 5, 5, 560, 1120, 10, -5
@5, 180.526, 25, 450, 19.7, 0.00398, 6, 6, 900, 1800, 11, -6
@6, 70.813, 20, 370, 22.26, 0.00712, 3, 3, 170, 340, 6, -3
@7, 96.308, 25, 480, 27.74, 0.00079, 3, 3, 260, 520, 6, -3
@8, 60.7061, 10, 660, 25.92, 0.00413, 1, 1, 30, 60, 2, -1
@9, 45.6938, 10, 665, 27.27, 0.00222, 1, 1, 30, 60, 2, -1
@10, 52.323, 10, 670, 27.79, 0.00173, 1, 1, 30, 60, 2, -1

#Load
 %l 583.99, 642.288, 828.027, 977.437, 924.758, 1117.7, 1242.49, 1199.88, 1430.6, 1367.24, 1451.3, 1521.3, 1458.69, 1028.67, 1111.61, 1114.18, 867.791, 973.141, 1268.28, 1526.87, 1106.07, 1002.38, 958.241, 802.81

#Reserve
%r70, 75, 85, 95, 100, 110, 115, 120, 130, 140, 145, 150, 140, 130, 120, 105, 100, 110, 120, 140, 130, 110, 90, 80
