--unites=10
--nbHeures=24

#Unites 
@1, 438.06, 150, 1000, 16.19, 0.00048, 8, 8, 4500, 9000, 14, 8
@2, 451.155, 150, 970, 17.26, 0.00031, 8, 8, 5000, 10000, 14, 8
@3, 109.616, 20, 700, 16.6, 0.002, 5, 5, 550, 1100, 10, -5
@4, 155.382, 20, 680, 16.5, 0.00211, 5, 5, 560, 1120, 10, -5
@5, 161.752, 25, 450, 19.7, 0.00398, 6, 6, 900, 1800, 11, -6
@6, 71.113, 20, 370, 22.26, 0.00712, 3, 3, 170, 340, 6, -3
@7, 82.3568, 25, 480, 27.74, 0.00079, 3, 3, 260, 520, 6, -3
@8, 65.5512, 10, 660, 25.92, 0.00413, 1, 1, 30, 60, 2, -1
@9, 62.8502, 10, 665, 27.27, 0.00222, 1, 1, 30, 60, 2, -1
@10, 64.3243, 10, 670, 27.79, 0.00173, 1, 1, 30, 60, 2, -1

#Load
 %l 570.013, 761.98, 827.331, 1035.19, 1004.27, 937.349, 1228.02, 1268.65, 1204.4, 1412.19, 1095.06, 1425.13, 1397.59, 1406.64, 1327.61, 1008.19, 853.774, 1187.94, 1192.32, 1384.4, 1452.31, 1131.87, 947.529, 817.302

#Reserve
%r70, 75, 85, 95, 100, 110, 115, 120, 130, 140, 145, 150, 140, 130, 120, 105, 100, 110, 120, 140, 130, 110, 90, 80
