--unites=10
--nbHeures=24

#Unites 
@1, 389.115, 150, 1000, 16.19, 0.00048, 8, 8, 4500, 9000, 14, 8
@2, 515.916, 150, 970, 17.26, 0.00031, 8, 8, 5000, 10000, 14, 8
@3, 141.96, 20, 700, 16.6, 0.002, 5, 5, 550, 1100, 10, -5
@4, 153.157, 20, 680, 16.5, 0.00211, 5, 5, 560, 1120, 10, -5
@5, 168.016, 25, 450, 19.7, 0.00398, 6, 6, 900, 1800, 11, -6
@6, 87.1116, 20, 370, 22.26, 0.00712, 3, 3, 170, 340, 6, -3
@7, 101.375, 25, 480, 27.74, 0.00079, 3, 3, 260, 520, 6, -3
@8, 65.4293, 10, 660, 25.92, 0.00413, 1, 1, 30, 60, 2, -1
@9, 52.4531, 10, 665, 27.27, 0.00222, 1, 1, 30, 60, 2, -1
@10, 52.0547, 10, 670, 27.79, 0.00173, 1, 1, 30, 60, 2, -1

#Load
 %l 721.875, 742.634, 873.951, 901.558, 991.435, 1054.59, 1046, 1196.2, 1285.84, 1449.56, 1405.05, 1424.76, 1431.27, 1402.7, 1098.2, 1042.43, 844.137, 1088.38, 1186.65, 1257.46, 1190.99, 979.564, 1030.25, 868.542

#Reserve
%r70, 75, 85, 95, 100, 110, 115, 120, 130, 140, 145, 150, 140, 130, 120, 105, 100, 110, 120, 140, 130, 110, 90, 80
