--unites=10
--nbHeures=24

#Unites 
@1, 398.705, 150, 1000, 16.19, 0.00048, 8, 8, 4500, 9000, 14, 8
@2, 432.189, 150, 970, 17.26, 0.00031, 8, 8, 5000, 10000, 14, 8
@3, 143.836, 20, 700, 16.6, 0.002, 5, 5, 550, 1100, 10, -5
@4, 106.469, 20, 680, 16.5, 0.00211, 5, 5, 560, 1120, 10, -5
@5, 179.416, 25, 450, 19.7, 0.00398, 6, 6, 900, 1800, 11, -6
@6, 84.2414, 20, 370, 22.26, 0.00712, 3, 3, 170, 340, 6, -3
@7, 71.748, 25, 480, 27.74, 0.00079, 3, 3, 260, 520, 6, -3
@8, 44.9054, 10, 660, 25.92, 0.00413, 1, 1, 30, 60, 2, -1
@9, 58.4122, 10, 665, 27.27, 0.00222, 1, 1, 30, 60, 2, -1
@10, 62.9313, 10, 670, 27.79, 0.00173, 1, 1, 30, 60, 2, -1

#Load
 %l 717.582, 736.844, 770.585, 1009.47, 1040.78, 1292.01, 1047.36, 1168.76, 1327.36, 1282.41, 1242.44, 1003.4, 1366.11, 1237.28, 1207.49, 850.245, 1063.64, 1172.38, 1184.97, 1321.12, 1238.46, 1058.54, 692.535, 774.337

#Reserve
%r70, 75, 85, 95, 100, 110, 115, 120, 130, 140, 145, 150, 140, 130, 120, 105, 100, 110, 120, 140, 130, 110, 90, 80
