--unites=10
--nbHeures=24

#Unites 
@1, 395.315, 150, 1000, 16.19, 0.00048, 8, 8, 4500, 9000, 14, 8
@2, 446.112, 150, 970, 17.26, 0.00031, 8, 8, 5000, 10000, 14, 8
@3, 140.686, 20, 700, 16.6, 0.002, 5, 5, 550, 1100, 10, -5
@4, 139.03, 20, 680, 16.5, 0.00211, 5, 5, 560, 1120, 10, -5
@5, 159.619, 25, 450, 19.7, 0.00398, 6, 6, 900, 1800, 11, -6
@6, 91.521, 20, 370, 22.26, 0.00712, 3, 3, 170, 340, 6, -3
@7, 101.246, 25, 480, 27.74, 0.00079, 3, 3, 260, 520, 6, -3
@8, 50.3961, 10, 660, 25.92, 0.00413, 1, 1, 30, 60, 2, -1
@9, 60.7249, 10, 665, 27.27, 0.00222, 1, 1, 30, 60, 2, -1
@10, 55.1941, 10, 670, 27.79, 0.00173, 1, 1, 30, 60, 2, -1

#Load
 %l 541.157, 713.689, 811.449, 860.696, 951.507, 1092.91, 1073.53, 1178.76, 1304.59, 1437.92, 1328.57, 1352.06, 1376.79, 1327.65, 1244.76, 1151.24, 875.587, 1158.27, 1160.35, 1348.13, 1328.6, 1121.43, 943.35, 778.152

#Reserve
%r70, 75, 85, 95, 100, 110, 115, 120, 130, 140, 145, 150, 140, 130, 120, 105, 100, 110, 120, 140, 130, 110, 90, 80
