--unites=10
--nbHeures=24

#Unites 
@1, 474.316, 150, 1000, 16.19, 0.00048, 8, 8, 4500, 9000, 14, 8
@2, 530.889, 150, 970, 17.26, 0.00031, 8, 8, 5000, 10000, 14, 8
@3, 154.59, 20, 700, 16.6, 0.002, 5, 5, 550, 1100, 10, -5
@4, 119.381, 20, 680, 16.5, 0.00211, 5, 5, 560, 1120, 10, -5
@5, 187.444, 25, 450, 19.7, 0.00398, 6, 6, 900, 1800, 11, -6
@6, 90.782, 20, 370, 22.26, 0.00712, 3, 3, 170, 340, 6, -3
@7, 77.1096, 25, 480, 27.74, 0.00079, 3, 3, 260, 520, 6, -3
@8, 53.706, 10, 660, 25.92, 0.00413, 1, 1, 30, 60, 2, -1
@9, 47.4096, 10, 665, 27.27, 0.00222, 1, 1, 30, 60, 2, -1
@10, 64.3376, 10, 670, 27.79, 0.00173, 1, 1, 30, 60, 2, -1

#Load
 %l 619.067, 669.05, 843.737, 898.43, 1018.01, 1104.14, 1165.08, 1314.76, 1209.85, 1302.06, 1139.63, 1372.4, 1348.1, 1335.55, 1261.81, 959.123, 910.412, 1041.75, 1199.66, 1396.67, 1142.33, 1060.14, 835.497, 794.012

#Reserve
%r70, 75, 85, 95, 100, 110, 115, 120, 130, 140, 145, 150, 140, 130, 120, 105, 100, 110, 120, 140, 130, 110, 90, 80
