--unites=10
--nbHeures=24

#Unites 
@1, 426.868, 150, 1000, 16.19, 0.00048, 8, 8, 4500, 9000, 14, 8
@2, 496.065, 150, 970, 17.26, 0.00031, 8, 8, 5000, 10000, 14, 8
@3, 127.109, 20, 700, 16.6, 0.002, 5, 5, 550, 1100, 10, -5
@4, 112.449, 20, 680, 16.5, 0.00211, 5, 5, 560, 1120, 10, -5
@5, 132.976, 25, 450, 19.7, 0.00398, 6, 6, 900, 1800, 11, -6
@6, 84.2978, 20, 370, 22.26, 0.00712, 3, 3, 170, 340, 6, -3
@7, 74.5373, 25, 480, 27.74, 0.00079, 3, 3, 260, 520, 6, -3
@8, 54.7613, 10, 660, 25.92, 0.00413, 1, 1, 30, 60, 2, -1
@9, 62.9637, 10, 665, 27.27, 0.00222, 1, 1, 30, 60, 2, -1
@10, 55.6305, 10, 670, 27.79, 0.00173, 1, 1, 30, 60, 2, -1

#Load
 %l 605.964, 729.076, 904.21, 959.909, 946.515, 1049.18, 925.033, 1119.68, 1276.58, 1407.14, 1419.59, 1418.68, 1286.24, 1227.96, 1255.08, 991.995, 995.315, 1171.48, 1182.09, 1334.95, 1162.84, 1000.6, 924.725, 768.538

#Reserve
%r70, 75, 85, 95, 100, 110, 115, 120, 130, 140, 145, 150, 140, 130, 120, 105, 100, 110, 120, 140, 130, 110, 90, 80
