--unites=10
--nbHeures=24

#Unites 
@1, 443.895, 150, 1000, 16.19, 0.00048, 8, 8, 4500, 9000, 14, 8
@2, 457.265, 150, 970, 17.26, 0.00031, 8, 8, 5000, 10000, 14, 8
@3, 152.09, 20, 700, 16.6, 0.002, 5, 5, 550, 1100, 10, -5
@4, 126.176, 20, 680, 16.5, 0.00211, 5, 5, 560, 1120, 10, -5
@5, 135.007, 25, 450, 19.7, 0.00398, 6, 6, 900, 1800, 11, -6
@6, 81.8244, 20, 370, 22.26, 0.00712, 3, 3, 170, 340, 6, -3
@7, 96.2346, 25, 480, 27.74, 0.00079, 3, 3, 260, 520, 6, -3
@8, 64.592, 10, 660, 25.92, 0.00413, 1, 1, 30, 60, 2, -1
@9, 56.6281, 10, 665, 27.27, 0.00222, 1, 1, 30, 60, 2, -1
@10, 53.1122, 10, 670, 27.79, 0.00173, 1, 1, 30, 60, 2, -1

#Load
 %l 690.418, 792.454, 736.319, 888.748, 969.315, 995.76, 1010.56, 1262.36, 1150.69, 1298.13, 1272.95, 1512.47, 1334.75, 1142.39, 1344.83, 912.747, 1037.41, 1094.06, 1339.6, 1176.98, 1205.92, 844.072, 907.673, 726.339

#Reserve
%r70, 75, 85, 95, 100, 110, 115, 120, 130, 140, 145, 150, 140, 130, 120, 105, 100, 110, 120, 140, 130, 110, 90, 80
