--unites=10
--nbHeures=24

#Unites 
@1, 383.499, 150, 1000, 16.19, 0.00048, 8, 8, 4500, 9000, 14, 8
@2, 418.41, 150, 970, 17.26, 0.00031, 8, 8, 5000, 10000, 14, 8
@3, 125.025, 20, 700, 16.6, 0.002, 5, 5, 550, 1100, 10, -5
@4, 106.877, 20, 680, 16.5, 0.00211, 5, 5, 560, 1120, 10, -5
@5, 147.356, 25, 450, 19.7, 0.00398, 6, 6, 900, 1800, 11, -6
@6, 88.4909, 20, 370, 22.26, 0.00712, 3, 3, 170, 340, 6, -3
@7, 88.105, 25, 480, 27.74, 0.00079, 3, 3, 260, 520, 6, -3
@8, 55.3002, 10, 660, 25.92, 0.00413, 1, 1, 30, 60, 2, -1
@9, 55.8825, 10, 665, 27.27, 0.00222, 1, 1, 30, 60, 2, -1
@10, 46.664, 10, 670, 27.79, 0.00173, 1, 1, 30, 60, 2, -1

#Load
 %l 632.27, 674.69, 950.172, 954.556, 945.68, 1065.62, 1183.35, 1181.59, 1194.27, 1315.38, 1194.13, 1332.03, 1246.74, 1312.54, 1322.31, 1150.74, 972.273, 1126.1, 1086.76, 1373.93, 1369.19, 1095.96, 925.139, 797.574

#Reserve
%r70, 75, 85, 95, 100, 110, 115, 120, 130, 140, 145, 150, 140, 130, 120, 105, 100, 110, 120, 140, 130, 110, 90, 80
