--unites=10
--nbHeures=24

#Unites 
@1, 523.639, 150, 1000, 16.19, 0.00048, 8, 8, 4500, 9000, 14, 8
@2, 419.342, 150, 970, 17.26, 0.00031, 8, 8, 5000, 10000, 14, 8
@3, 117.599, 20, 700, 16.6, 0.002, 5, 5, 550, 1100, 10, -5
@4, 122.61, 20, 680, 16.5, 0.00211, 5, 5, 560, 1120, 10, -5
@5, 133.215, 25, 450, 19.7, 0.00398, 6, 6, 900, 1800, 11, -6
@6, 86.6769, 20, 370, 22.26, 0.00712, 3, 3, 170, 340, 6, -3
@7, 78.6354, 25, 480, 27.74, 0.00079, 3, 3, 260, 520, 6, -3
@8, 52.0405, 10, 660, 25.92, 0.00413, 1, 1, 30, 60, 2, -1
@9, 61.4387, 10, 665, 27.27, 0.00222, 1, 1, 30, 60, 2, -1
@10, 58.727, 10, 670, 27.79, 0.00173, 1, 1, 30, 60, 2, -1

#Load
 %l 660.265, 684.516, 681.511, 953.01, 923.763, 1178.8, 1217.61, 1198.13, 1063.79, 1320.28, 1420.63, 1498.43, 1407.61, 1374.9, 1142.78, 1017.91, 904.852, 949.845, 1105.42, 1386.33, 970.27, 970.773, 902.197, 791.969

#Reserve
%r70, 75, 85, 95, 100, 110, 115, 120, 130, 140, 145, 150, 140, 130, 120, 105, 100, 110, 120, 140, 130, 110, 90, 80
