--unites=10
--nbHeures=24

#Unites 
@1, 411.21, 150, 1000, 16.19, 0.00048, 8, 8, 4500, 9000, 14, 8
@2, 529.012, 150, 970, 17.26, 0.00031, 8, 8, 5000, 10000, 14, 8
@3, 150.011, 20, 700, 16.6, 0.002, 5, 5, 550, 1100, 10, -5
@4, 123.425, 20, 680, 16.5, 0.00211, 5, 5, 560, 1120, 10, -5
@5, 133.417, 25, 450, 19.7, 0.00398, 6, 6, 900, 1800, 11, -6
@6, 74.8275, 20, 370, 22.26, 0.00712, 3, 3, 170, 340, 6, -3
@7, 94.868, 25, 480, 27.74, 0.00079, 3, 3, 260, 520, 6, -3
@8, 60.0267, 10, 660, 25.92, 0.00413, 1, 1, 30, 60, 2, -1
@9, 50.1875, 10, 665, 27.27, 0.00222, 1, 1, 30, 60, 2, -1
@10, 58.6059, 10, 670, 27.79, 0.00173, 1, 1, 30, 60, 2, -1

#Load
 %l 714.418, 772.183, 749.594, 860.17, 906.218, 1253.72, 1119.2, 1226.12, 1192.46, 1361.61, 1256.86, 1486.45, 1365.71, 1120.95, 1308.35, 1009.63, 1184.3, 1011.36, 1177.11, 1372.56, 1321.41, 1017.35, 961.692, 812.636

#Reserve
%r70, 75, 85, 95, 100, 110, 115, 120, 130, 140, 145, 150, 140, 130, 120, 105, 100, 110, 120, 140, 130, 110, 90, 80
