--unites=10
--nbHeures=24

#Unites 
@1, 421.697, 150, 1000, 16.19, 0.00048, 8, 8, 4500, 9000, 14, 8
@2, 479.06, 150, 970, 17.26, 0.00031, 8, 8, 5000, 10000, 14, 8
@3, 136.127, 20, 700, 16.6, 0.002, 5, 5, 550, 1100, 10, -5
@4, 135.445, 20, 680, 16.5, 0.00211, 5, 5, 560, 1120, 10, -5
@5, 137, 25, 450, 19.7, 0.00398, 6, 6, 900, 1800, 11, -6
@6, 66.8545, 20, 370, 22.26, 0.00712, 3, 3, 170, 340, 6, -3
@7, 99.3288, 25, 480, 27.74, 0.00079, 3, 3, 260, 520, 6, -3
@8, 59.5513, 10, 660, 25.92, 0.00413, 1, 1, 30, 60, 2, -1
@9, 60.1871, 10, 665, 27.27, 0.00222, 1, 1, 30, 60, 2, -1
@10, 57.8162, 10, 670, 27.79, 0.00173, 1, 1, 30, 60, 2, -1

#Load
 %l 698.75, 619.076, 930.741, 1015.45, 973.238, 1097.43, 1112.22, 1186.84, 1074.09, 1286.42, 1384.88, 1478.75, 1326.14, 1201.48, 1129.65, 939.541, 1041.62, 1017.46, 1210.28, 1333.36, 1433.68, 987.384, 855.177, 787.098

#Reserve
%r70, 75, 85, 95, 100, 110, 115, 120, 130, 140, 145, 150, 140, 130, 120, 105, 100, 110, 120, 140, 130, 110, 90, 80
