--unites=10
--nbHeures=24

#Unites 
@1, 414.367, 150, 1000, 16.19, 0.00048, 8, 8, 4500, 9000, 14, 8
@2, 499.342, 150, 970, 17.26, 0.00031, 8, 8, 5000, 10000, 14, 8
@3, 108.623, 20, 700, 16.6, 0.002, 5, 5, 550, 1100, 10, -5
@4, 113.934, 20, 680, 16.5, 0.00211, 5, 5, 560, 1120, 10, -5
@5, 189.849, 25, 450, 19.7, 0.00398, 6, 6, 900, 1800, 11, -6
@6, 70.7067, 20, 370, 22.26, 0.00712, 3, 3, 170, 340, 6, -3
@7, 89.9753, 25, 480, 27.74, 0.00079, 3, 3, 260, 520, 6, -3
@8, 56.478, 10, 660, 25.92, 0.00413, 1, 1, 30, 60, 2, -1
@9, 65.7691, 10, 665, 27.27, 0.00222, 1, 1, 30, 60, 2, -1
@10, 51.1206, 10, 670, 27.79, 0.00173, 1, 1, 30, 60, 2, -1

#Load
 %l 694.079, 741.49, 841.099, 949.606, 791.281, 1043.32, 1114.82, 1153.28, 1321.04, 1239.14, 1249.14, 1500.46, 1200.3, 1324.97, 1121.32, 1096.21, 1076.7, 1174.41, 1141.57, 1389.86, 1077.33, 1094.23, 987.957, 765.7

#Reserve
%r70, 75, 85, 95, 100, 110, 115, 120, 130, 140, 145, 150, 140, 130, 120, 105, 100, 110, 120, 140, 130, 110, 90, 80
