--unites=10
--nbHeures=24

#Unites 
@1, 492.788, 150, 1000, 16.19, 0.00048, 8, 8, 4500, 9000, 14, 8
@2, 389.257, 150, 970, 17.26, 0.00031, 8, 8, 5000, 10000, 14, 8
@3, 141.904, 20, 700, 16.6, 0.002, 5, 5, 550, 1100, 10, -5
@4, 134.933, 20, 680, 16.5, 0.00211, 5, 5, 560, 1120, 10, -5
@5, 192.73, 25, 450, 19.7, 0.00398, 6, 6, 900, 1800, 11, -6
@6, 92.6444, 20, 370, 22.26, 0.00712, 3, 3, 170, 340, 6, -3
@7, 87.7177, 25, 480, 27.74, 0.00079, 3, 3, 260, 520, 6, -3
@8, 64.9846, 10, 660, 25.92, 0.00413, 1, 1, 30, 60, 2, -1
@9, 51.625, 10, 665, 27.27, 0.00222, 1, 1, 30, 60, 2, -1
@10, 65.6618, 10, 670, 27.79, 0.00173, 1, 1, 30, 60, 2, -1

#Load
 %l 658.569, 705.098, 928.388, 1025.63, 966.406, 865.057, 912.812, 1135.22, 1183.07, 1446.41, 1399.79, 1377.86, 1542.63, 1236.89, 965.154, 1026.15, 959.883, 1024.36, 1117.1, 1379.78, 1166.37, 1064.88, 936.203, 792.346

#Reserve
%r70, 75, 85, 95, 100, 110, 115, 120, 130, 140, 145, 150, 140, 130, 120, 105, 100, 110, 120, 140, 130, 110, 90, 80
