--unites=10
--nbHeures=24

#Unites 
@1, 425.052, 150, 1000, 16.19, 0.00048, 8, 8, 4500, 9000, 14, 8
@2, 417.688, 150, 970, 17.26, 0.00031, 8, 8, 5000, 10000, 14, 8
@3, 112.109, 20, 700, 16.6, 0.002, 5, 5, 550, 1100, 10, -5
@4, 132.645, 20, 680, 16.5, 0.00211, 5, 5, 560, 1120, 10, -5
@5, 138.972, 25, 450, 19.7, 0.00398, 6, 6, 900, 1800, 11, -6
@6, 83.9427, 20, 370, 22.26, 0.00712, 3, 3, 170, 340, 6, -3
@7, 97.3138, 25, 480, 27.74, 0.00079, 3, 3, 260, 520, 6, -3
@8, 62.0778, 10, 660, 25.92, 0.00413, 1, 1, 30, 60, 2, -1
@9, 53.3825, 10, 665, 27.27, 0.00222, 1, 1, 30, 60, 2, -1
@10, 54.1855, 10, 670, 27.79, 0.00173, 1, 1, 30, 60, 2, -1

#Load
 %l 671.758, 611.265, 791.534, 1014.39, 1069.27, 1059.46, 901.055, 1062.58, 1413.48, 1376.64, 1341.44, 1384.28, 1344.55, 1131.22, 1143.46, 1065.36, 1040.95, 1083.16, 1080.69, 1432.94, 1295.67, 1221.57, 893.812, 707.738

#Reserve
%r70, 75, 85, 95, 100, 110, 115, 120, 130, 140, 145, 150, 140, 130, 120, 105, 100, 110, 120, 140, 130, 110, 90, 80
