--unites=10
--nbHeures=24

#Unites 
@1, 446.05, 150, 1000, 16.19, 0.00048, 8, 8, 4500, 9000, 14, 8
@2, 382.252, 150, 970, 17.26, 0.00031, 8, 8, 5000, 10000, 14, 8
@3, 123.309, 20, 700, 16.6, 0.002, 5, 5, 550, 1100, 10, -5
@4, 128.27, 20, 680, 16.5, 0.00211, 5, 5, 560, 1120, 10, -5
@5, 143.561, 25, 450, 19.7, 0.00398, 6, 6, 900, 1800, 11, -6
@6, 71.0796, 20, 370, 22.26, 0.00712, 3, 3, 170, 340, 6, -3
@7, 80.7591, 25, 480, 27.74, 0.00079, 3, 3, 260, 520, 6, -3
@8, 62.2292, 10, 660, 25.92, 0.00413, 1, 1, 30, 60, 2, -1
@9, 58.6855, 10, 665, 27.27, 0.00222, 1, 1, 30, 60, 2, -1
@10, 59.3712, 10, 670, 27.79, 0.00173, 1, 1, 30, 60, 2, -1

#Load
 %l 607.793, 622.682, 801.222, 916.857, 878.114, 1011.01, 1008.6, 1004.42, 1132.69, 1410.58, 1346.06, 1397.12, 1369.32, 1274.94, 1182.79, 1036.23, 978.953, 967.405, 1175.83, 1377.1, 1258.79, 1080.87, 961.704, 720.76

#Reserve
%r70, 75, 85, 95, 100, 110, 115, 120, 130, 140, 145, 150, 140, 130, 120, 105, 100, 110, 120, 140, 130, 110, 90, 80
