--unites=10
--nbHeures=24

#Unites 
@1, 491.106, 150, 1000, 16.19, 0.00048, 8, 8, 4500, 9000, 14, 8
@2, 531.676, 150, 970, 17.26, 0.00031, 8, 8, 5000, 10000, 14, 8
@3, 115.779, 20, 700, 16.6, 0.002, 5, 5, 550, 1100, 10, -5
@4, 153.391, 20, 680, 16.5, 0.00211, 5, 5, 560, 1120, 10, -5
@5, 181.593, 25, 450, 19.7, 0.00398, 6, 6, 900, 1800, 11, -6
@6, 74.4127, 20, 370, 22.26, 0.00712, 3, 3, 170, 340, 6, -3
@7, 96.3687, 25, 480, 27.74, 0.00079, 3, 3, 260, 520, 6, -3
@8, 51.1464, 10, 660, 25.92, 0.00413, 1, 1, 30, 60, 2, -1
@9, 56.9043, 10, 665, 27.27, 0.00222, 1, 1, 30, 60, 2, -1
@10, 57.5842, 10, 670, 27.79, 0.00173, 1, 1, 30, 60, 2, -1

#Load
 %l 772.13, 777.781, 834.372, 994.646, 936.773, 1134.19, 1048.45, 1255.4, 1416.81, 1298.24, 1353.62, 1494.09, 1354.49, 1550.25, 1166.44, 1022.18, 1083.8, 1110.79, 1061.5, 1512.84, 1263.81, 1030.74, 860.709, 771.782

#Reserve
%r70, 75, 85, 95, 100, 110, 115, 120, 130, 140, 145, 150, 140, 130, 120, 105, 100, 110, 120, 140, 130, 110, 90, 80
