--unites=10
--nbHeures=24

#Unites 
@1, 447.745, 150, 1000, 16.19, 0.00048, 8, 8, 4500, 9000, 14, 8
@2, 544.673, 150, 970, 17.26, 0.00031, 8, 8, 5000, 10000, 14, 8
@3, 141.409, 20, 700, 16.6, 0.002, 5, 5, 550, 1100, 10, -5
@4, 146.202, 20, 680, 16.5, 0.00211, 5, 5, 560, 1120, 10, -5
@5, 188.436, 25, 450, 19.7, 0.00398, 6, 6, 900, 1800, 11, -6
@6, 80.5097, 20, 370, 22.26, 0.00712, 3, 3, 170, 340, 6, -3
@7, 85.163, 25, 480, 27.74, 0.00079, 3, 3, 260, 520, 6, -3
@8, 54.324, 10, 660, 25.92, 0.00413, 1, 1, 30, 60, 2, -1
@9, 60.3403, 10, 665, 27.27, 0.00222, 1, 1, 30, 60, 2, -1
@10, 63.6197, 10, 670, 27.79, 0.00173, 1, 1, 30, 60, 2, -1

#Load
 %l 724.515, 812.939, 821.133, 866.276, 965.674, 1191.28, 1170.55, 1176.02, 1055.41, 1448.83, 1443.7, 1513.09, 1519.54, 1453.33, 1190.94, 1063.8, 1015.22, 1073.94, 1066.94, 1178.94, 1224.89, 1179.27, 1002.19, 762.54

#Reserve
%r70, 75, 85, 95, 100, 110, 115, 120, 130, 140, 145, 150, 140, 130, 120, 105, 100, 110, 120, 140, 130, 110, 90, 80
