--unites=10
--nbHeures=24

#Unites 
@1, 482.528, 150, 1000, 16.19, 0.00048, 8, 8, 4500, 9000, 14, 8
@2, 446.178, 150, 970, 17.26, 0.00031, 8, 8, 5000, 10000, 14, 8
@3, 132.286, 20, 700, 16.6, 0.002, 5, 5, 550, 1100, 10, -5
@4, 145.832, 20, 680, 16.5, 0.00211, 5, 5, 560, 1120, 10, -5
@5, 152.92, 25, 450, 19.7, 0.00398, 6, 6, 900, 1800, 11, -6
@6, 82.3481, 20, 370, 22.26, 0.00712, 3, 3, 170, 340, 6, -3
@7, 86.3379, 25, 480, 27.74, 0.00079, 3, 3, 260, 520, 6, -3
@8, 52.7976, 10, 660, 25.92, 0.00413, 1, 1, 30, 60, 2, -1
@9, 47.1604, 10, 665, 27.27, 0.00222, 1, 1, 30, 60, 2, -1
@10, 64.5213, 10, 670, 27.79, 0.00173, 1, 1, 30, 60, 2, -1

#Load
 %l 568.147, 718.177, 802.413, 931.083, 912.536, 1201, 1057.09, 1108.75, 1177.12, 1116.51, 1332.45, 1175.94, 1461.4, 1102.41, 1185.79, 1084.38, 1024.27, 1163.68, 946.387, 1474.16, 1257.02, 1142.7, 845.728, 766.621

#Reserve
%r70, 75, 85, 95, 100, 110, 115, 120, 130, 140, 145, 150, 140, 130, 120, 105, 100, 110, 120, 140, 130, 110, 90, 80
